{
 "cells": [
  {
   "cell_type": "code",
   "execution_count": 31,
   "metadata": {},
   "outputs": [],
   "source": [
    "import pandas as pd\n",
    "import numpy as np\n",
    "import matplotlib.pyplot as plt\n",
    "import os\n",
    "from itertools import combinations"
   ]
  },
  {
   "cell_type": "code",
   "execution_count": 6,
   "metadata": {},
   "outputs": [],
   "source": [
    "df_raw = os.path.join('mtcars.csv')\n",
    "df = pd.read_csv(df_raw)\n"
   ]
  },
  {
   "cell_type": "code",
   "execution_count": 41,
   "metadata": {},
   "outputs": [
    {
     "data": {
      "text/html": [
       "<div>\n",
       "<style scoped>\n",
       "    .dataframe tbody tr th:only-of-type {\n",
       "        vertical-align: middle;\n",
       "    }\n",
       "\n",
       "    .dataframe tbody tr th {\n",
       "        vertical-align: top;\n",
       "    }\n",
       "\n",
       "    .dataframe thead th {\n",
       "        text-align: right;\n",
       "    }\n",
       "</style>\n",
       "<table border=\"1\" class=\"dataframe\">\n",
       "  <thead>\n",
       "    <tr style=\"text-align: right;\">\n",
       "      <th></th>\n",
       "      <th>model</th>\n",
       "      <th>mpg</th>\n",
       "      <th>cyl</th>\n",
       "      <th>disp</th>\n",
       "      <th>hp</th>\n",
       "      <th>drat</th>\n",
       "      <th>wt</th>\n",
       "      <th>qsec</th>\n",
       "      <th>vs</th>\n",
       "      <th>am</th>\n",
       "      <th>gear</th>\n",
       "      <th>carb</th>\n",
       "    </tr>\n",
       "  </thead>\n",
       "  <tbody>\n",
       "    <tr>\n",
       "      <th>0</th>\n",
       "      <td>Mazda RX4</td>\n",
       "      <td>21.0</td>\n",
       "      <td>6</td>\n",
       "      <td>160.0</td>\n",
       "      <td>110</td>\n",
       "      <td>3.90</td>\n",
       "      <td>2.620</td>\n",
       "      <td>16.46</td>\n",
       "      <td>0</td>\n",
       "      <td>1</td>\n",
       "      <td>4</td>\n",
       "      <td>4</td>\n",
       "    </tr>\n",
       "    <tr>\n",
       "      <th>1</th>\n",
       "      <td>Mazda RX4 Wag</td>\n",
       "      <td>21.0</td>\n",
       "      <td>6</td>\n",
       "      <td>160.0</td>\n",
       "      <td>110</td>\n",
       "      <td>3.90</td>\n",
       "      <td>2.875</td>\n",
       "      <td>17.02</td>\n",
       "      <td>0</td>\n",
       "      <td>1</td>\n",
       "      <td>4</td>\n",
       "      <td>4</td>\n",
       "    </tr>\n",
       "    <tr>\n",
       "      <th>2</th>\n",
       "      <td>Datsun 710</td>\n",
       "      <td>22.8</td>\n",
       "      <td>4</td>\n",
       "      <td>108.0</td>\n",
       "      <td>93</td>\n",
       "      <td>3.85</td>\n",
       "      <td>2.320</td>\n",
       "      <td>18.61</td>\n",
       "      <td>1</td>\n",
       "      <td>1</td>\n",
       "      <td>4</td>\n",
       "      <td>1</td>\n",
       "    </tr>\n",
       "    <tr>\n",
       "      <th>3</th>\n",
       "      <td>Hornet 4 Drive</td>\n",
       "      <td>21.4</td>\n",
       "      <td>6</td>\n",
       "      <td>258.0</td>\n",
       "      <td>110</td>\n",
       "      <td>3.08</td>\n",
       "      <td>3.215</td>\n",
       "      <td>19.44</td>\n",
       "      <td>1</td>\n",
       "      <td>0</td>\n",
       "      <td>3</td>\n",
       "      <td>1</td>\n",
       "    </tr>\n",
       "    <tr>\n",
       "      <th>4</th>\n",
       "      <td>Hornet Sportabout</td>\n",
       "      <td>18.7</td>\n",
       "      <td>8</td>\n",
       "      <td>360.0</td>\n",
       "      <td>175</td>\n",
       "      <td>3.15</td>\n",
       "      <td>3.440</td>\n",
       "      <td>17.02</td>\n",
       "      <td>0</td>\n",
       "      <td>0</td>\n",
       "      <td>3</td>\n",
       "      <td>2</td>\n",
       "    </tr>\n",
       "    <tr>\n",
       "      <th>5</th>\n",
       "      <td>Valiant</td>\n",
       "      <td>18.1</td>\n",
       "      <td>6</td>\n",
       "      <td>225.0</td>\n",
       "      <td>105</td>\n",
       "      <td>2.76</td>\n",
       "      <td>3.460</td>\n",
       "      <td>20.22</td>\n",
       "      <td>1</td>\n",
       "      <td>0</td>\n",
       "      <td>3</td>\n",
       "      <td>1</td>\n",
       "    </tr>\n",
       "    <tr>\n",
       "      <th>6</th>\n",
       "      <td>Duster 360</td>\n",
       "      <td>14.3</td>\n",
       "      <td>8</td>\n",
       "      <td>360.0</td>\n",
       "      <td>245</td>\n",
       "      <td>3.21</td>\n",
       "      <td>3.570</td>\n",
       "      <td>15.84</td>\n",
       "      <td>0</td>\n",
       "      <td>0</td>\n",
       "      <td>3</td>\n",
       "      <td>4</td>\n",
       "    </tr>\n",
       "    <tr>\n",
       "      <th>7</th>\n",
       "      <td>Merc 240D</td>\n",
       "      <td>24.4</td>\n",
       "      <td>4</td>\n",
       "      <td>146.7</td>\n",
       "      <td>62</td>\n",
       "      <td>3.69</td>\n",
       "      <td>3.190</td>\n",
       "      <td>20.00</td>\n",
       "      <td>1</td>\n",
       "      <td>0</td>\n",
       "      <td>4</td>\n",
       "      <td>2</td>\n",
       "    </tr>\n",
       "    <tr>\n",
       "      <th>8</th>\n",
       "      <td>Merc 230</td>\n",
       "      <td>22.8</td>\n",
       "      <td>4</td>\n",
       "      <td>140.8</td>\n",
       "      <td>95</td>\n",
       "      <td>3.92</td>\n",
       "      <td>3.150</td>\n",
       "      <td>22.90</td>\n",
       "      <td>1</td>\n",
       "      <td>0</td>\n",
       "      <td>4</td>\n",
       "      <td>2</td>\n",
       "    </tr>\n",
       "    <tr>\n",
       "      <th>9</th>\n",
       "      <td>Merc 280</td>\n",
       "      <td>19.2</td>\n",
       "      <td>6</td>\n",
       "      <td>167.6</td>\n",
       "      <td>123</td>\n",
       "      <td>3.92</td>\n",
       "      <td>3.440</td>\n",
       "      <td>18.30</td>\n",
       "      <td>1</td>\n",
       "      <td>0</td>\n",
       "      <td>4</td>\n",
       "      <td>4</td>\n",
       "    </tr>\n",
       "    <tr>\n",
       "      <th>10</th>\n",
       "      <td>Merc 280C</td>\n",
       "      <td>17.8</td>\n",
       "      <td>6</td>\n",
       "      <td>167.6</td>\n",
       "      <td>123</td>\n",
       "      <td>3.92</td>\n",
       "      <td>3.440</td>\n",
       "      <td>18.90</td>\n",
       "      <td>1</td>\n",
       "      <td>0</td>\n",
       "      <td>4</td>\n",
       "      <td>4</td>\n",
       "    </tr>\n",
       "    <tr>\n",
       "      <th>11</th>\n",
       "      <td>Merc 450SE</td>\n",
       "      <td>16.4</td>\n",
       "      <td>8</td>\n",
       "      <td>275.8</td>\n",
       "      <td>180</td>\n",
       "      <td>3.07</td>\n",
       "      <td>4.070</td>\n",
       "      <td>17.40</td>\n",
       "      <td>0</td>\n",
       "      <td>0</td>\n",
       "      <td>3</td>\n",
       "      <td>3</td>\n",
       "    </tr>\n",
       "    <tr>\n",
       "      <th>12</th>\n",
       "      <td>Merc 450SL</td>\n",
       "      <td>17.3</td>\n",
       "      <td>8</td>\n",
       "      <td>275.8</td>\n",
       "      <td>180</td>\n",
       "      <td>3.07</td>\n",
       "      <td>3.730</td>\n",
       "      <td>17.60</td>\n",
       "      <td>0</td>\n",
       "      <td>0</td>\n",
       "      <td>3</td>\n",
       "      <td>3</td>\n",
       "    </tr>\n",
       "    <tr>\n",
       "      <th>13</th>\n",
       "      <td>Merc 450SLC</td>\n",
       "      <td>15.2</td>\n",
       "      <td>8</td>\n",
       "      <td>275.8</td>\n",
       "      <td>180</td>\n",
       "      <td>3.07</td>\n",
       "      <td>3.780</td>\n",
       "      <td>18.00</td>\n",
       "      <td>0</td>\n",
       "      <td>0</td>\n",
       "      <td>3</td>\n",
       "      <td>3</td>\n",
       "    </tr>\n",
       "    <tr>\n",
       "      <th>14</th>\n",
       "      <td>Cadillac Fleetwood</td>\n",
       "      <td>10.4</td>\n",
       "      <td>8</td>\n",
       "      <td>472.0</td>\n",
       "      <td>205</td>\n",
       "      <td>2.93</td>\n",
       "      <td>5.250</td>\n",
       "      <td>17.98</td>\n",
       "      <td>0</td>\n",
       "      <td>0</td>\n",
       "      <td>3</td>\n",
       "      <td>4</td>\n",
       "    </tr>\n",
       "    <tr>\n",
       "      <th>15</th>\n",
       "      <td>Lincoln Continental</td>\n",
       "      <td>10.4</td>\n",
       "      <td>8</td>\n",
       "      <td>460.0</td>\n",
       "      <td>215</td>\n",
       "      <td>3.00</td>\n",
       "      <td>5.424</td>\n",
       "      <td>17.82</td>\n",
       "      <td>0</td>\n",
       "      <td>0</td>\n",
       "      <td>3</td>\n",
       "      <td>4</td>\n",
       "    </tr>\n",
       "    <tr>\n",
       "      <th>16</th>\n",
       "      <td>Chrysler Imperial</td>\n",
       "      <td>14.7</td>\n",
       "      <td>8</td>\n",
       "      <td>440.0</td>\n",
       "      <td>230</td>\n",
       "      <td>3.23</td>\n",
       "      <td>5.345</td>\n",
       "      <td>17.42</td>\n",
       "      <td>0</td>\n",
       "      <td>0</td>\n",
       "      <td>3</td>\n",
       "      <td>4</td>\n",
       "    </tr>\n",
       "    <tr>\n",
       "      <th>17</th>\n",
       "      <td>Fiat 128</td>\n",
       "      <td>32.4</td>\n",
       "      <td>4</td>\n",
       "      <td>78.7</td>\n",
       "      <td>66</td>\n",
       "      <td>4.08</td>\n",
       "      <td>2.200</td>\n",
       "      <td>19.47</td>\n",
       "      <td>1</td>\n",
       "      <td>1</td>\n",
       "      <td>4</td>\n",
       "      <td>1</td>\n",
       "    </tr>\n",
       "    <tr>\n",
       "      <th>18</th>\n",
       "      <td>Honda Civic</td>\n",
       "      <td>30.4</td>\n",
       "      <td>4</td>\n",
       "      <td>75.7</td>\n",
       "      <td>52</td>\n",
       "      <td>4.93</td>\n",
       "      <td>1.615</td>\n",
       "      <td>18.52</td>\n",
       "      <td>1</td>\n",
       "      <td>1</td>\n",
       "      <td>4</td>\n",
       "      <td>2</td>\n",
       "    </tr>\n",
       "    <tr>\n",
       "      <th>19</th>\n",
       "      <td>Toyota Corolla</td>\n",
       "      <td>33.9</td>\n",
       "      <td>4</td>\n",
       "      <td>71.1</td>\n",
       "      <td>65</td>\n",
       "      <td>4.22</td>\n",
       "      <td>1.835</td>\n",
       "      <td>19.90</td>\n",
       "      <td>1</td>\n",
       "      <td>1</td>\n",
       "      <td>4</td>\n",
       "      <td>1</td>\n",
       "    </tr>\n",
       "    <tr>\n",
       "      <th>20</th>\n",
       "      <td>Toyota Corona</td>\n",
       "      <td>21.5</td>\n",
       "      <td>4</td>\n",
       "      <td>120.1</td>\n",
       "      <td>97</td>\n",
       "      <td>3.70</td>\n",
       "      <td>2.465</td>\n",
       "      <td>20.01</td>\n",
       "      <td>1</td>\n",
       "      <td>0</td>\n",
       "      <td>3</td>\n",
       "      <td>1</td>\n",
       "    </tr>\n",
       "    <tr>\n",
       "      <th>21</th>\n",
       "      <td>Dodge Challenger</td>\n",
       "      <td>15.5</td>\n",
       "      <td>8</td>\n",
       "      <td>318.0</td>\n",
       "      <td>150</td>\n",
       "      <td>2.76</td>\n",
       "      <td>3.520</td>\n",
       "      <td>16.87</td>\n",
       "      <td>0</td>\n",
       "      <td>0</td>\n",
       "      <td>3</td>\n",
       "      <td>2</td>\n",
       "    </tr>\n",
       "    <tr>\n",
       "      <th>22</th>\n",
       "      <td>AMC Javelin</td>\n",
       "      <td>15.2</td>\n",
       "      <td>8</td>\n",
       "      <td>304.0</td>\n",
       "      <td>150</td>\n",
       "      <td>3.15</td>\n",
       "      <td>3.435</td>\n",
       "      <td>17.30</td>\n",
       "      <td>0</td>\n",
       "      <td>0</td>\n",
       "      <td>3</td>\n",
       "      <td>2</td>\n",
       "    </tr>\n",
       "    <tr>\n",
       "      <th>23</th>\n",
       "      <td>Camaro Z28</td>\n",
       "      <td>13.3</td>\n",
       "      <td>8</td>\n",
       "      <td>350.0</td>\n",
       "      <td>245</td>\n",
       "      <td>3.73</td>\n",
       "      <td>3.840</td>\n",
       "      <td>15.41</td>\n",
       "      <td>0</td>\n",
       "      <td>0</td>\n",
       "      <td>3</td>\n",
       "      <td>4</td>\n",
       "    </tr>\n",
       "    <tr>\n",
       "      <th>24</th>\n",
       "      <td>Pontiac Firebird</td>\n",
       "      <td>19.2</td>\n",
       "      <td>8</td>\n",
       "      <td>400.0</td>\n",
       "      <td>175</td>\n",
       "      <td>3.08</td>\n",
       "      <td>3.845</td>\n",
       "      <td>17.05</td>\n",
       "      <td>0</td>\n",
       "      <td>0</td>\n",
       "      <td>3</td>\n",
       "      <td>2</td>\n",
       "    </tr>\n",
       "    <tr>\n",
       "      <th>25</th>\n",
       "      <td>Fiat X1-9</td>\n",
       "      <td>27.3</td>\n",
       "      <td>4</td>\n",
       "      <td>79.0</td>\n",
       "      <td>66</td>\n",
       "      <td>4.08</td>\n",
       "      <td>1.935</td>\n",
       "      <td>18.90</td>\n",
       "      <td>1</td>\n",
       "      <td>1</td>\n",
       "      <td>4</td>\n",
       "      <td>1</td>\n",
       "    </tr>\n",
       "    <tr>\n",
       "      <th>26</th>\n",
       "      <td>Porsche 914-2</td>\n",
       "      <td>26.0</td>\n",
       "      <td>4</td>\n",
       "      <td>120.3</td>\n",
       "      <td>91</td>\n",
       "      <td>4.43</td>\n",
       "      <td>2.140</td>\n",
       "      <td>16.70</td>\n",
       "      <td>0</td>\n",
       "      <td>1</td>\n",
       "      <td>5</td>\n",
       "      <td>2</td>\n",
       "    </tr>\n",
       "    <tr>\n",
       "      <th>27</th>\n",
       "      <td>Lotus Europa</td>\n",
       "      <td>30.4</td>\n",
       "      <td>4</td>\n",
       "      <td>95.1</td>\n",
       "      <td>113</td>\n",
       "      <td>3.77</td>\n",
       "      <td>1.513</td>\n",
       "      <td>16.90</td>\n",
       "      <td>1</td>\n",
       "      <td>1</td>\n",
       "      <td>5</td>\n",
       "      <td>2</td>\n",
       "    </tr>\n",
       "    <tr>\n",
       "      <th>28</th>\n",
       "      <td>Ford Pantera L</td>\n",
       "      <td>15.8</td>\n",
       "      <td>8</td>\n",
       "      <td>351.0</td>\n",
       "      <td>264</td>\n",
       "      <td>4.22</td>\n",
       "      <td>3.170</td>\n",
       "      <td>14.50</td>\n",
       "      <td>0</td>\n",
       "      <td>1</td>\n",
       "      <td>5</td>\n",
       "      <td>4</td>\n",
       "    </tr>\n",
       "    <tr>\n",
       "      <th>29</th>\n",
       "      <td>Ferrari Dino</td>\n",
       "      <td>19.7</td>\n",
       "      <td>6</td>\n",
       "      <td>145.0</td>\n",
       "      <td>175</td>\n",
       "      <td>3.62</td>\n",
       "      <td>2.770</td>\n",
       "      <td>15.50</td>\n",
       "      <td>0</td>\n",
       "      <td>1</td>\n",
       "      <td>5</td>\n",
       "      <td>6</td>\n",
       "    </tr>\n",
       "    <tr>\n",
       "      <th>30</th>\n",
       "      <td>Maserati Bora</td>\n",
       "      <td>15.0</td>\n",
       "      <td>8</td>\n",
       "      <td>301.0</td>\n",
       "      <td>335</td>\n",
       "      <td>3.54</td>\n",
       "      <td>3.570</td>\n",
       "      <td>14.60</td>\n",
       "      <td>0</td>\n",
       "      <td>1</td>\n",
       "      <td>5</td>\n",
       "      <td>8</td>\n",
       "    </tr>\n",
       "    <tr>\n",
       "      <th>31</th>\n",
       "      <td>Volvo 142E</td>\n",
       "      <td>21.4</td>\n",
       "      <td>4</td>\n",
       "      <td>121.0</td>\n",
       "      <td>109</td>\n",
       "      <td>4.11</td>\n",
       "      <td>2.780</td>\n",
       "      <td>18.60</td>\n",
       "      <td>1</td>\n",
       "      <td>1</td>\n",
       "      <td>4</td>\n",
       "      <td>2</td>\n",
       "    </tr>\n",
       "  </tbody>\n",
       "</table>\n",
       "</div>"
      ],
      "text/plain": [
       "                  model   mpg  cyl   disp   hp  drat     wt   qsec  vs  am  \\\n",
       "0             Mazda RX4  21.0    6  160.0  110  3.90  2.620  16.46   0   1   \n",
       "1         Mazda RX4 Wag  21.0    6  160.0  110  3.90  2.875  17.02   0   1   \n",
       "2            Datsun 710  22.8    4  108.0   93  3.85  2.320  18.61   1   1   \n",
       "3        Hornet 4 Drive  21.4    6  258.0  110  3.08  3.215  19.44   1   0   \n",
       "4     Hornet Sportabout  18.7    8  360.0  175  3.15  3.440  17.02   0   0   \n",
       "5               Valiant  18.1    6  225.0  105  2.76  3.460  20.22   1   0   \n",
       "6            Duster 360  14.3    8  360.0  245  3.21  3.570  15.84   0   0   \n",
       "7             Merc 240D  24.4    4  146.7   62  3.69  3.190  20.00   1   0   \n",
       "8              Merc 230  22.8    4  140.8   95  3.92  3.150  22.90   1   0   \n",
       "9              Merc 280  19.2    6  167.6  123  3.92  3.440  18.30   1   0   \n",
       "10            Merc 280C  17.8    6  167.6  123  3.92  3.440  18.90   1   0   \n",
       "11           Merc 450SE  16.4    8  275.8  180  3.07  4.070  17.40   0   0   \n",
       "12           Merc 450SL  17.3    8  275.8  180  3.07  3.730  17.60   0   0   \n",
       "13          Merc 450SLC  15.2    8  275.8  180  3.07  3.780  18.00   0   0   \n",
       "14   Cadillac Fleetwood  10.4    8  472.0  205  2.93  5.250  17.98   0   0   \n",
       "15  Lincoln Continental  10.4    8  460.0  215  3.00  5.424  17.82   0   0   \n",
       "16    Chrysler Imperial  14.7    8  440.0  230  3.23  5.345  17.42   0   0   \n",
       "17             Fiat 128  32.4    4   78.7   66  4.08  2.200  19.47   1   1   \n",
       "18          Honda Civic  30.4    4   75.7   52  4.93  1.615  18.52   1   1   \n",
       "19       Toyota Corolla  33.9    4   71.1   65  4.22  1.835  19.90   1   1   \n",
       "20        Toyota Corona  21.5    4  120.1   97  3.70  2.465  20.01   1   0   \n",
       "21     Dodge Challenger  15.5    8  318.0  150  2.76  3.520  16.87   0   0   \n",
       "22          AMC Javelin  15.2    8  304.0  150  3.15  3.435  17.30   0   0   \n",
       "23           Camaro Z28  13.3    8  350.0  245  3.73  3.840  15.41   0   0   \n",
       "24     Pontiac Firebird  19.2    8  400.0  175  3.08  3.845  17.05   0   0   \n",
       "25            Fiat X1-9  27.3    4   79.0   66  4.08  1.935  18.90   1   1   \n",
       "26        Porsche 914-2  26.0    4  120.3   91  4.43  2.140  16.70   0   1   \n",
       "27         Lotus Europa  30.4    4   95.1  113  3.77  1.513  16.90   1   1   \n",
       "28       Ford Pantera L  15.8    8  351.0  264  4.22  3.170  14.50   0   1   \n",
       "29         Ferrari Dino  19.7    6  145.0  175  3.62  2.770  15.50   0   1   \n",
       "30        Maserati Bora  15.0    8  301.0  335  3.54  3.570  14.60   0   1   \n",
       "31           Volvo 142E  21.4    4  121.0  109  4.11  2.780  18.60   1   1   \n",
       "\n",
       "    gear  carb  \n",
       "0      4     4  \n",
       "1      4     4  \n",
       "2      4     1  \n",
       "3      3     1  \n",
       "4      3     2  \n",
       "5      3     1  \n",
       "6      3     4  \n",
       "7      4     2  \n",
       "8      4     2  \n",
       "9      4     4  \n",
       "10     4     4  \n",
       "11     3     3  \n",
       "12     3     3  \n",
       "13     3     3  \n",
       "14     3     4  \n",
       "15     3     4  \n",
       "16     3     4  \n",
       "17     4     1  \n",
       "18     4     2  \n",
       "19     4     1  \n",
       "20     3     1  \n",
       "21     3     2  \n",
       "22     3     2  \n",
       "23     3     4  \n",
       "24     3     2  \n",
       "25     4     1  \n",
       "26     5     2  \n",
       "27     5     2  \n",
       "28     5     4  \n",
       "29     5     6  \n",
       "30     5     8  \n",
       "31     4     2  "
      ]
     },
     "execution_count": 41,
     "metadata": {},
     "output_type": "execute_result"
    }
   ],
   "source": [
    "df"
   ]
  },
  {
   "cell_type": "code",
   "execution_count": 10,
   "metadata": {},
   "outputs": [
    {
     "name": "stderr",
     "output_type": "stream",
     "text": [
      "C:\\Users\\gl121\\AppData\\Local\\Temp\\ipykernel_6344\\3698961737.py:1: FutureWarning: Dropping of nuisance columns in DataFrame reductions (with 'numeric_only=None') is deprecated; in a future version this will raise TypeError.  Select only valid columns before calling the reduction.\n",
      "  df.mean()\n"
     ]
    },
    {
     "data": {
      "text/plain": [
       "mpg      20.090625\n",
       "cyl       6.187500\n",
       "disp    230.721875\n",
       "hp      146.687500\n",
       "drat      3.596563\n",
       "wt        3.217250\n",
       "qsec     17.848750\n",
       "vs        0.437500\n",
       "am        0.406250\n",
       "gear      3.687500\n",
       "carb      2.812500\n",
       "dtype: float64"
      ]
     },
     "execution_count": 10,
     "metadata": {},
     "output_type": "execute_result"
    }
   ],
   "source": [
    "df.mean()"
   ]
  },
  {
   "cell_type": "code",
   "execution_count": 11,
   "metadata": {},
   "outputs": [
    {
     "name": "stderr",
     "output_type": "stream",
     "text": [
      "C:\\Users\\gl121\\AppData\\Local\\Temp\\ipykernel_6344\\1568254755.py:1: FutureWarning: Dropping of nuisance columns in DataFrame reductions (with 'numeric_only=None') is deprecated; in a future version this will raise TypeError.  Select only valid columns before calling the reduction.\n",
      "  df.var()\n"
     ]
    },
    {
     "data": {
      "text/plain": [
       "mpg        36.324103\n",
       "cyl         3.189516\n",
       "disp    15360.799829\n",
       "hp       4700.866935\n",
       "drat        0.285881\n",
       "wt          0.957379\n",
       "qsec        3.193166\n",
       "vs          0.254032\n",
       "am          0.248992\n",
       "gear        0.544355\n",
       "carb        2.608871\n",
       "dtype: float64"
      ]
     },
     "execution_count": 11,
     "metadata": {},
     "output_type": "execute_result"
    }
   ],
   "source": [
    "df.var()"
   ]
  },
  {
   "cell_type": "code",
   "execution_count": 12,
   "metadata": {},
   "outputs": [
    {
     "data": {
      "text/html": [
       "<div>\n",
       "<style scoped>\n",
       "    .dataframe tbody tr th:only-of-type {\n",
       "        vertical-align: middle;\n",
       "    }\n",
       "\n",
       "    .dataframe tbody tr th {\n",
       "        vertical-align: top;\n",
       "    }\n",
       "\n",
       "    .dataframe thead th {\n",
       "        text-align: right;\n",
       "    }\n",
       "</style>\n",
       "<table border=\"1\" class=\"dataframe\">\n",
       "  <thead>\n",
       "    <tr style=\"text-align: right;\">\n",
       "      <th></th>\n",
       "      <th>mpg</th>\n",
       "      <th>cyl</th>\n",
       "      <th>disp</th>\n",
       "      <th>hp</th>\n",
       "      <th>drat</th>\n",
       "      <th>wt</th>\n",
       "      <th>qsec</th>\n",
       "      <th>vs</th>\n",
       "      <th>am</th>\n",
       "      <th>gear</th>\n",
       "      <th>carb</th>\n",
       "    </tr>\n",
       "  </thead>\n",
       "  <tbody>\n",
       "    <tr>\n",
       "      <th>mpg</th>\n",
       "      <td>36.324103</td>\n",
       "      <td>-9.172379</td>\n",
       "      <td>-633.097208</td>\n",
       "      <td>-320.732056</td>\n",
       "      <td>2.195064</td>\n",
       "      <td>-5.116685</td>\n",
       "      <td>4.509149</td>\n",
       "      <td>2.017137</td>\n",
       "      <td>1.803931</td>\n",
       "      <td>2.135685</td>\n",
       "      <td>-5.363105</td>\n",
       "    </tr>\n",
       "    <tr>\n",
       "      <th>cyl</th>\n",
       "      <td>-9.172379</td>\n",
       "      <td>3.189516</td>\n",
       "      <td>199.660282</td>\n",
       "      <td>101.931452</td>\n",
       "      <td>-0.668367</td>\n",
       "      <td>1.367371</td>\n",
       "      <td>-1.886855</td>\n",
       "      <td>-0.729839</td>\n",
       "      <td>-0.465726</td>\n",
       "      <td>-0.649194</td>\n",
       "      <td>1.520161</td>\n",
       "    </tr>\n",
       "    <tr>\n",
       "      <th>disp</th>\n",
       "      <td>-633.097208</td>\n",
       "      <td>199.660282</td>\n",
       "      <td>15360.799829</td>\n",
       "      <td>6721.158669</td>\n",
       "      <td>-47.064019</td>\n",
       "      <td>107.684204</td>\n",
       "      <td>-96.051681</td>\n",
       "      <td>-44.377621</td>\n",
       "      <td>-36.564012</td>\n",
       "      <td>-50.802621</td>\n",
       "      <td>79.068750</td>\n",
       "    </tr>\n",
       "    <tr>\n",
       "      <th>hp</th>\n",
       "      <td>-320.732056</td>\n",
       "      <td>101.931452</td>\n",
       "      <td>6721.158669</td>\n",
       "      <td>4700.866935</td>\n",
       "      <td>-16.451109</td>\n",
       "      <td>44.192661</td>\n",
       "      <td>-86.770081</td>\n",
       "      <td>-24.987903</td>\n",
       "      <td>-8.320565</td>\n",
       "      <td>-6.358871</td>\n",
       "      <td>83.036290</td>\n",
       "    </tr>\n",
       "    <tr>\n",
       "      <th>drat</th>\n",
       "      <td>2.195064</td>\n",
       "      <td>-0.668367</td>\n",
       "      <td>-47.064019</td>\n",
       "      <td>-16.451109</td>\n",
       "      <td>0.285881</td>\n",
       "      <td>-0.372721</td>\n",
       "      <td>0.087141</td>\n",
       "      <td>0.118649</td>\n",
       "      <td>0.190151</td>\n",
       "      <td>0.275988</td>\n",
       "      <td>-0.078407</td>\n",
       "    </tr>\n",
       "    <tr>\n",
       "      <th>wt</th>\n",
       "      <td>-5.116685</td>\n",
       "      <td>1.367371</td>\n",
       "      <td>107.684204</td>\n",
       "      <td>44.192661</td>\n",
       "      <td>-0.372721</td>\n",
       "      <td>0.957379</td>\n",
       "      <td>-0.305482</td>\n",
       "      <td>-0.273661</td>\n",
       "      <td>-0.338105</td>\n",
       "      <td>-0.421081</td>\n",
       "      <td>0.675790</td>\n",
       "    </tr>\n",
       "    <tr>\n",
       "      <th>qsec</th>\n",
       "      <td>4.509149</td>\n",
       "      <td>-1.886855</td>\n",
       "      <td>-96.051681</td>\n",
       "      <td>-86.770081</td>\n",
       "      <td>0.087141</td>\n",
       "      <td>-0.305482</td>\n",
       "      <td>3.193166</td>\n",
       "      <td>0.670565</td>\n",
       "      <td>-0.204960</td>\n",
       "      <td>-0.280403</td>\n",
       "      <td>-1.894113</td>\n",
       "    </tr>\n",
       "    <tr>\n",
       "      <th>vs</th>\n",
       "      <td>2.017137</td>\n",
       "      <td>-0.729839</td>\n",
       "      <td>-44.377621</td>\n",
       "      <td>-24.987903</td>\n",
       "      <td>0.118649</td>\n",
       "      <td>-0.273661</td>\n",
       "      <td>0.670565</td>\n",
       "      <td>0.254032</td>\n",
       "      <td>0.042339</td>\n",
       "      <td>0.076613</td>\n",
       "      <td>-0.463710</td>\n",
       "    </tr>\n",
       "    <tr>\n",
       "      <th>am</th>\n",
       "      <td>1.803931</td>\n",
       "      <td>-0.465726</td>\n",
       "      <td>-36.564012</td>\n",
       "      <td>-8.320565</td>\n",
       "      <td>0.190151</td>\n",
       "      <td>-0.338105</td>\n",
       "      <td>-0.204960</td>\n",
       "      <td>0.042339</td>\n",
       "      <td>0.248992</td>\n",
       "      <td>0.292339</td>\n",
       "      <td>0.046371</td>\n",
       "    </tr>\n",
       "    <tr>\n",
       "      <th>gear</th>\n",
       "      <td>2.135685</td>\n",
       "      <td>-0.649194</td>\n",
       "      <td>-50.802621</td>\n",
       "      <td>-6.358871</td>\n",
       "      <td>0.275988</td>\n",
       "      <td>-0.421081</td>\n",
       "      <td>-0.280403</td>\n",
       "      <td>0.076613</td>\n",
       "      <td>0.292339</td>\n",
       "      <td>0.544355</td>\n",
       "      <td>0.326613</td>\n",
       "    </tr>\n",
       "    <tr>\n",
       "      <th>carb</th>\n",
       "      <td>-5.363105</td>\n",
       "      <td>1.520161</td>\n",
       "      <td>79.068750</td>\n",
       "      <td>83.036290</td>\n",
       "      <td>-0.078407</td>\n",
       "      <td>0.675790</td>\n",
       "      <td>-1.894113</td>\n",
       "      <td>-0.463710</td>\n",
       "      <td>0.046371</td>\n",
       "      <td>0.326613</td>\n",
       "      <td>2.608871</td>\n",
       "    </tr>\n",
       "  </tbody>\n",
       "</table>\n",
       "</div>"
      ],
      "text/plain": [
       "             mpg         cyl          disp           hp       drat  \\\n",
       "mpg    36.324103   -9.172379   -633.097208  -320.732056   2.195064   \n",
       "cyl    -9.172379    3.189516    199.660282   101.931452  -0.668367   \n",
       "disp -633.097208  199.660282  15360.799829  6721.158669 -47.064019   \n",
       "hp   -320.732056  101.931452   6721.158669  4700.866935 -16.451109   \n",
       "drat    2.195064   -0.668367    -47.064019   -16.451109   0.285881   \n",
       "wt     -5.116685    1.367371    107.684204    44.192661  -0.372721   \n",
       "qsec    4.509149   -1.886855    -96.051681   -86.770081   0.087141   \n",
       "vs      2.017137   -0.729839    -44.377621   -24.987903   0.118649   \n",
       "am      1.803931   -0.465726    -36.564012    -8.320565   0.190151   \n",
       "gear    2.135685   -0.649194    -50.802621    -6.358871   0.275988   \n",
       "carb   -5.363105    1.520161     79.068750    83.036290  -0.078407   \n",
       "\n",
       "              wt       qsec         vs         am       gear       carb  \n",
       "mpg    -5.116685   4.509149   2.017137   1.803931   2.135685  -5.363105  \n",
       "cyl     1.367371  -1.886855  -0.729839  -0.465726  -0.649194   1.520161  \n",
       "disp  107.684204 -96.051681 -44.377621 -36.564012 -50.802621  79.068750  \n",
       "hp     44.192661 -86.770081 -24.987903  -8.320565  -6.358871  83.036290  \n",
       "drat   -0.372721   0.087141   0.118649   0.190151   0.275988  -0.078407  \n",
       "wt      0.957379  -0.305482  -0.273661  -0.338105  -0.421081   0.675790  \n",
       "qsec   -0.305482   3.193166   0.670565  -0.204960  -0.280403  -1.894113  \n",
       "vs     -0.273661   0.670565   0.254032   0.042339   0.076613  -0.463710  \n",
       "am     -0.338105  -0.204960   0.042339   0.248992   0.292339   0.046371  \n",
       "gear   -0.421081  -0.280403   0.076613   0.292339   0.544355   0.326613  \n",
       "carb    0.675790  -1.894113  -0.463710   0.046371   0.326613   2.608871  "
      ]
     },
     "execution_count": 12,
     "metadata": {},
     "output_type": "execute_result"
    }
   ],
   "source": [
    "df.cov()"
   ]
  },
  {
   "cell_type": "code",
   "execution_count": 13,
   "metadata": {},
   "outputs": [
    {
     "data": {
      "text/html": [
       "<div>\n",
       "<style scoped>\n",
       "    .dataframe tbody tr th:only-of-type {\n",
       "        vertical-align: middle;\n",
       "    }\n",
       "\n",
       "    .dataframe tbody tr th {\n",
       "        vertical-align: top;\n",
       "    }\n",
       "\n",
       "    .dataframe thead th {\n",
       "        text-align: right;\n",
       "    }\n",
       "</style>\n",
       "<table border=\"1\" class=\"dataframe\">\n",
       "  <thead>\n",
       "    <tr style=\"text-align: right;\">\n",
       "      <th></th>\n",
       "      <th>mpg</th>\n",
       "      <th>cyl</th>\n",
       "      <th>disp</th>\n",
       "      <th>hp</th>\n",
       "      <th>drat</th>\n",
       "      <th>wt</th>\n",
       "      <th>qsec</th>\n",
       "      <th>vs</th>\n",
       "      <th>am</th>\n",
       "      <th>gear</th>\n",
       "      <th>carb</th>\n",
       "    </tr>\n",
       "  </thead>\n",
       "  <tbody>\n",
       "    <tr>\n",
       "      <th>mpg</th>\n",
       "      <td>1.000000</td>\n",
       "      <td>-0.852162</td>\n",
       "      <td>-0.847551</td>\n",
       "      <td>-0.776168</td>\n",
       "      <td>0.681172</td>\n",
       "      <td>-0.867659</td>\n",
       "      <td>0.418684</td>\n",
       "      <td>0.664039</td>\n",
       "      <td>0.599832</td>\n",
       "      <td>0.480285</td>\n",
       "      <td>-0.550925</td>\n",
       "    </tr>\n",
       "    <tr>\n",
       "      <th>cyl</th>\n",
       "      <td>-0.852162</td>\n",
       "      <td>1.000000</td>\n",
       "      <td>0.902033</td>\n",
       "      <td>0.832447</td>\n",
       "      <td>-0.699938</td>\n",
       "      <td>0.782496</td>\n",
       "      <td>-0.591242</td>\n",
       "      <td>-0.810812</td>\n",
       "      <td>-0.522607</td>\n",
       "      <td>-0.492687</td>\n",
       "      <td>0.526988</td>\n",
       "    </tr>\n",
       "    <tr>\n",
       "      <th>disp</th>\n",
       "      <td>-0.847551</td>\n",
       "      <td>0.902033</td>\n",
       "      <td>1.000000</td>\n",
       "      <td>0.790949</td>\n",
       "      <td>-0.710214</td>\n",
       "      <td>0.887980</td>\n",
       "      <td>-0.433698</td>\n",
       "      <td>-0.710416</td>\n",
       "      <td>-0.591227</td>\n",
       "      <td>-0.555569</td>\n",
       "      <td>0.394977</td>\n",
       "    </tr>\n",
       "    <tr>\n",
       "      <th>hp</th>\n",
       "      <td>-0.776168</td>\n",
       "      <td>0.832447</td>\n",
       "      <td>0.790949</td>\n",
       "      <td>1.000000</td>\n",
       "      <td>-0.448759</td>\n",
       "      <td>0.658748</td>\n",
       "      <td>-0.708223</td>\n",
       "      <td>-0.723097</td>\n",
       "      <td>-0.243204</td>\n",
       "      <td>-0.125704</td>\n",
       "      <td>0.749812</td>\n",
       "    </tr>\n",
       "    <tr>\n",
       "      <th>drat</th>\n",
       "      <td>0.681172</td>\n",
       "      <td>-0.699938</td>\n",
       "      <td>-0.710214</td>\n",
       "      <td>-0.448759</td>\n",
       "      <td>1.000000</td>\n",
       "      <td>-0.712441</td>\n",
       "      <td>0.091205</td>\n",
       "      <td>0.440278</td>\n",
       "      <td>0.712711</td>\n",
       "      <td>0.699610</td>\n",
       "      <td>-0.090790</td>\n",
       "    </tr>\n",
       "    <tr>\n",
       "      <th>wt</th>\n",
       "      <td>-0.867659</td>\n",
       "      <td>0.782496</td>\n",
       "      <td>0.887980</td>\n",
       "      <td>0.658748</td>\n",
       "      <td>-0.712441</td>\n",
       "      <td>1.000000</td>\n",
       "      <td>-0.174716</td>\n",
       "      <td>-0.554916</td>\n",
       "      <td>-0.692495</td>\n",
       "      <td>-0.583287</td>\n",
       "      <td>0.427606</td>\n",
       "    </tr>\n",
       "    <tr>\n",
       "      <th>qsec</th>\n",
       "      <td>0.418684</td>\n",
       "      <td>-0.591242</td>\n",
       "      <td>-0.433698</td>\n",
       "      <td>-0.708223</td>\n",
       "      <td>0.091205</td>\n",
       "      <td>-0.174716</td>\n",
       "      <td>1.000000</td>\n",
       "      <td>0.744535</td>\n",
       "      <td>-0.229861</td>\n",
       "      <td>-0.212682</td>\n",
       "      <td>-0.656249</td>\n",
       "    </tr>\n",
       "    <tr>\n",
       "      <th>vs</th>\n",
       "      <td>0.664039</td>\n",
       "      <td>-0.810812</td>\n",
       "      <td>-0.710416</td>\n",
       "      <td>-0.723097</td>\n",
       "      <td>0.440278</td>\n",
       "      <td>-0.554916</td>\n",
       "      <td>0.744535</td>\n",
       "      <td>1.000000</td>\n",
       "      <td>0.168345</td>\n",
       "      <td>0.206023</td>\n",
       "      <td>-0.569607</td>\n",
       "    </tr>\n",
       "    <tr>\n",
       "      <th>am</th>\n",
       "      <td>0.599832</td>\n",
       "      <td>-0.522607</td>\n",
       "      <td>-0.591227</td>\n",
       "      <td>-0.243204</td>\n",
       "      <td>0.712711</td>\n",
       "      <td>-0.692495</td>\n",
       "      <td>-0.229861</td>\n",
       "      <td>0.168345</td>\n",
       "      <td>1.000000</td>\n",
       "      <td>0.794059</td>\n",
       "      <td>0.057534</td>\n",
       "    </tr>\n",
       "    <tr>\n",
       "      <th>gear</th>\n",
       "      <td>0.480285</td>\n",
       "      <td>-0.492687</td>\n",
       "      <td>-0.555569</td>\n",
       "      <td>-0.125704</td>\n",
       "      <td>0.699610</td>\n",
       "      <td>-0.583287</td>\n",
       "      <td>-0.212682</td>\n",
       "      <td>0.206023</td>\n",
       "      <td>0.794059</td>\n",
       "      <td>1.000000</td>\n",
       "      <td>0.274073</td>\n",
       "    </tr>\n",
       "    <tr>\n",
       "      <th>carb</th>\n",
       "      <td>-0.550925</td>\n",
       "      <td>0.526988</td>\n",
       "      <td>0.394977</td>\n",
       "      <td>0.749812</td>\n",
       "      <td>-0.090790</td>\n",
       "      <td>0.427606</td>\n",
       "      <td>-0.656249</td>\n",
       "      <td>-0.569607</td>\n",
       "      <td>0.057534</td>\n",
       "      <td>0.274073</td>\n",
       "      <td>1.000000</td>\n",
       "    </tr>\n",
       "  </tbody>\n",
       "</table>\n",
       "</div>"
      ],
      "text/plain": [
       "           mpg       cyl      disp        hp      drat        wt      qsec  \\\n",
       "mpg   1.000000 -0.852162 -0.847551 -0.776168  0.681172 -0.867659  0.418684   \n",
       "cyl  -0.852162  1.000000  0.902033  0.832447 -0.699938  0.782496 -0.591242   \n",
       "disp -0.847551  0.902033  1.000000  0.790949 -0.710214  0.887980 -0.433698   \n",
       "hp   -0.776168  0.832447  0.790949  1.000000 -0.448759  0.658748 -0.708223   \n",
       "drat  0.681172 -0.699938 -0.710214 -0.448759  1.000000 -0.712441  0.091205   \n",
       "wt   -0.867659  0.782496  0.887980  0.658748 -0.712441  1.000000 -0.174716   \n",
       "qsec  0.418684 -0.591242 -0.433698 -0.708223  0.091205 -0.174716  1.000000   \n",
       "vs    0.664039 -0.810812 -0.710416 -0.723097  0.440278 -0.554916  0.744535   \n",
       "am    0.599832 -0.522607 -0.591227 -0.243204  0.712711 -0.692495 -0.229861   \n",
       "gear  0.480285 -0.492687 -0.555569 -0.125704  0.699610 -0.583287 -0.212682   \n",
       "carb -0.550925  0.526988  0.394977  0.749812 -0.090790  0.427606 -0.656249   \n",
       "\n",
       "            vs        am      gear      carb  \n",
       "mpg   0.664039  0.599832  0.480285 -0.550925  \n",
       "cyl  -0.810812 -0.522607 -0.492687  0.526988  \n",
       "disp -0.710416 -0.591227 -0.555569  0.394977  \n",
       "hp   -0.723097 -0.243204 -0.125704  0.749812  \n",
       "drat  0.440278  0.712711  0.699610 -0.090790  \n",
       "wt   -0.554916 -0.692495 -0.583287  0.427606  \n",
       "qsec  0.744535 -0.229861 -0.212682 -0.656249  \n",
       "vs    1.000000  0.168345  0.206023 -0.569607  \n",
       "am    0.168345  1.000000  0.794059  0.057534  \n",
       "gear  0.206023  0.794059  1.000000  0.274073  \n",
       "carb -0.569607  0.057534  0.274073  1.000000  "
      ]
     },
     "execution_count": 13,
     "metadata": {},
     "output_type": "execute_result"
    }
   ],
   "source": [
    "df.corr()"
   ]
  },
  {
   "cell_type": "code",
   "execution_count": 15,
   "metadata": {},
   "outputs": [
    {
     "data": {
      "text/plain": [
       "<matplotlib.collections.PathCollection at 0x1c030216fd0>"
      ]
     },
     "execution_count": 15,
     "metadata": {},
     "output_type": "execute_result"
    },
    {
     "data": {
